<svg xmlns="http://www.w3.org/2000/svg" version="1.2" baseProfile="tiny" class="sasiconlib sasiconlib-banner-e-atencion-2" viewBox="7.39 370.93 1009.23 282.14"><title/><style type="text/css"><![CDATA[
.sasiconlib-banner-e-atencion-2{outline:none; fill:#00843D}
]]></style><g fill="#d93600" stroke-width=".27861">
  <path d="m49.041 485.31a80.676 80.676 0 0 0 9.7512 12.855 59.254 59.254 0 0 0 10.587 8.9851 48.848 48.848 0 0 0 11.311 5.5164 46.686 46.686 0 0 0 11.676 2.2846 51.049 51.049 0 0 0 11.835 -0.62408 60.63 60.63 0 0 0 11.701 -3.243 74.21 74.21 0 0 0 11.37 -5.5721 145.84 145.84 0 0 0 14.663 -9.9156 103.55 103.55 0 0 0 10.607 -9.4141 100.71 100.71 0 0 0 7.9459 -9.2191q0.83582-1.0921 1.6438-2.201l1.5268 1.5686 3.6888 3.789 4.4577 4.5692 3.8671 3.9729 1.2704 1.3067 0.39841 0.40955c0.0502 0.0502 0.18945 0.14766 0.21174 0.21731 0.0446 0.13652-0.27861 0.46249-0.36776 0.59343q-0.42906 0.60458-0.86925 1.2008-0.93891 1.2788-1.9252 2.5214-2.2288 2.8306-4.6667 5.4969-2.7861 3.0647-5.7867 5.9371-3.4157 3.2764-7.0571 6.3021-4.0649 3.3879-8.3582 6.486-4.7781 3.4547-9.7874 6.5696c-3.165 1.9753-6.3857 3.8559-9.7122 5.547a99.407 99.407 0 0 1 -9.194 4.1094 88.639 88.639 0 0 1 -9.1494 2.9894 80.317 80.317 0 0 1 -8.999 1.8611 74.357 74.357 0 0 1 -8.8513 0.76896 70.557 70.557 0 0 1 -8.7037 -0.30647 68.721 68.721 0 0 1 -16.677 -3.7779 71.112 71.112 0 0 1 -7.8985 -3.3962 75.082 75.082 0 0 1 -7.5697 -4.4048 80.93 80.93 0 0 1 -7.2438 -5.391 88.65 88.65 0 0 1 -6.798 -6.3104c-2.2289-2.3096-4.363-4.7363-6.3689-7.2438q-3.151-3.959-5.9204-8.1994-2.7694-4.2404-5.2239-8.7594-2.3319-4.3045-4.31-8.7872-1.9252-4.3769-3.4742-8.9154-1.4933-4.3853-2.5966-8.8903-1.0726-4.4048-1.7329-8.8959-0.63522-4.3602-0.83582-8.7705a83.097 83.097 0 0 1 0.050149 -8.6368 77.876 77.876 0 0 1 0.95562 -8.4668 73.678 73.678 0 0 1 1.8667 -8.1771 70.866 70.866 0 0 1 2.8 -7.9041 69.356 69.356 0 0 1 8.3888 -14.596 71.602 71.602 0 0 1 5.6446 -6.642 75.561 75.561 0 0 1 6.5835 -6.0848 81.838 81.838 0 0 1 7.592 -5.5248 85.747 85.747 0 0 1 9.6927 -5.405 72.471 72.471 0 0 1 10.066 -3.9005 62.706 62.706 0 0 1 9.7262 -2.1313 57.928 57.928 0 0 1 9.2748 -0.50985 57.201 57.201 0 0 1 8.8374 0.92218 59.859 59.859 0 0 1 8.4028 2.1898 65.342 65.342 0 0 1 7.8706 3.2653 73.028 73.028 0 0 1 7.3441 4.1791 82.144 82.144 0 0 1 6.8175 4.9202q3.2235 2.5827 6.2018 5.4551 2.9254 2.8111 5.6111 5.8507 2.5827 2.9226 4.9425 6.0346 2.2288 2.9532 4.271 6.0625c1.6716 2.5771 3.2458 5.2267 4.6583 7.957 0.76896 1.4822 1.4933 2.9867 2.1898 4.5023q0.43463 0.94448 0.85532 1.8917l0.37891 0.83582 0.17273 0.38169c0.0251 0.0557 0.18667 0.31483 0.16438 0.36498-0.0223 0.0502-0.33711 0.20059-0.40676 0.24238l-1.1702 0.69652-1.8694 1.1144-2.5075 1.5045-3.0925 1.8555-3.6219 2.162-4.0788 2.4211-4.4577 2.6607-4.8143 2.8724-5.0678 3.0229-5.2935 3.1622-5.4384 3.243-5.5192 3.2931-5.5721 3.3238-5.5136 3.2904-5.4189 3.2346-5.2935 3.1538-5.04 3.0117-4.7697 2.8418-4.4577 2.6551-4.0287 2.4044-3.5745 2.1286-3.0452 1.8165-2.4629 1.4683-1.8249 1.0894-1.1144 0.66309zm64.687-63.662q-1.5518-2.7108-3.3433-5.2629a66.183 66.183 0 0 0 -4.1373 -5.2768 60.377 60.377 0 0 0 -4.9035 -5.0149 52.016 52.016 0 0 0 -5.5721 -4.4382 43.872 43.872 0 0 0 -6.2436 -3.5857 37.734 37.734 0 0 0 -6.8649 -2.4434 34.734 34.734 0 0 0 -7.5112 -1.0281 35.779 35.779 0 0 0 -7.9904 0.71602 41.994 41.994 0 0 0 -8.4947 2.7248 50.885 50.885 0 0 0 -8.2133 4.5413 43.29 43.29 0 0 0 -6.0123 4.923 39.331 39.331 0 0 0 -8.152 11.576 42.217 42.217 0 0 0 -2.3375 6.3717 47.16 47.16 0 0 0 -1.3345 6.5974 53.696 53.696 0 0 0 -0.4402 6.7311 60.884 60.884 0 0 0 0.34826 6.667q0.34826 3.2792 1.0225 6.511 0.65194 3.1482 1.5853 6.2296 0.89433 2.9504 2.0394 5.8173 0.53492 1.3373 1.1144 2.6496l0.52099-0.31204 1.4961-0.89154 2.3654-1.4098 3.1288-1.8667 3.7863-2.2595 4.3379-2.5882 4.7642-2.8418 5.1236-3.0647 5.3604-3.1984 5.5053-3.268 5.5164-3.2931 5.4384-3.2458 5.2517-3.1343 4.962-2.9616 4.5664-2.7248 4.0482-2.4155 3.4742-2.0728 2.7331-1.6326 1.9307-1.1506 1.0086-0.60179z"/>
  <path d="m229.18 555.66h-74.817c-0.0808 0-0.30926 0.0418-0.38169 0-0.0724-0.0418-0.0362-0.1616-0.0362-0.27861v-19.385c0-0.0251-0.0167-0.15044 0-0.16995 0.0167-0.0195 0.19502 0 0.22845 0h74.608c0.0752 0 0.30368-0.0418 0.36776 0 0.0641 0.0418 0.0307 0.2006 0.0307 0.29533v19.541z"/>
  <path d="m325.64 554.37-0.62966-4.2543-0.89989-6.082a3.1037 3.1037 0 0 0 -0.0975 -0.65194c0-0.0223 0-0.0697-0.0167-0.0836a1.8137 1.8137 0 0 0 -0.60737 0c-0.11701 0.0557-0.24238 0.29532-0.32875 0.40119q-0.18667 0.22846-0.37612 0.45413-0.38448 0.45134-0.78288 0.88876-0.81075 0.88597-1.6716 1.7079a34.762 34.762 0 0 1 -8.1075 5.6668 38.548 38.548 0 0 1 -10.169 3.4519 41.997 41.997 0 0 1 -11.454 0.61293 33.834 33.834 0 0 1 -9.7512 -2.2706 29.293 29.293 0 0 1 -7.7731 -4.6165 28.513 28.513 0 0 1 -5.7114 -6.4414 29.454 29.454 0 0 1 -3.5188 -7.6951 30.435 30.435 0 0 1 -1.2259 -8.3582 37.553 37.553 0 0 1 0.70209 -7.592 31.508 31.508 0 0 1 2.1508 -6.7674 29.828 29.828 0 0 1 3.5439 -5.9204 32.477 32.477 0 0 1 4.8617 -5.0539 39.562 39.562 0 0 1 6.1461 -4.2181 51.623 51.623 0 0 1 7.358 -3.3433 69.259 69.259 0 0 1 8.556 -2.5075 92.988 92.988 0 0 1 9.6342 -1.6438c3.5634-0.42626 7.1463-0.67422 10.732-0.78567q2.7694-0.0864 5.5387-0.0696c0-2.3041-0.0446-4.5692-0.61015-6.8175a15.173 15.173 0 0 0 -3.9005 -7.0682c-2.5632-2.566-6.0179-3.9785-9.5367-4.6416a35.698 35.698 0 0 0 -7.6338 -0.5182 53.417 53.417 0 0 0 -8.6368 0.97512c-5.3102 1.0308-10.568 2.7861-15.284 5.4607q-0.78288 0.44298-1.5435 0.92776l-1.2872-4.2905-2.3821-7.9347-0.90268-3.0117-0.26189-0.87761a0.89711 0.89711 0 0 1 -0.0669 -0.2201c0-0.1003-0.0474-0.0334 0.0808-0.12537a18.667 18.667 0 0 1 2.0951 -1.1841q1.1144-0.59343 2.279-1.1284c1.7385-0.80796 3.5216-1.5212 5.3298-2.1564a74.667 74.667 0 0 1 13.067 -3.2541 82.885 82.885 0 0 1 15.296 -0.99742 55.635 55.635 0 0 1 12.353 1.6466 37.89 37.89 0 0 1 9.6509 3.9005 31.254 31.254 0 0 1 7.1908 5.7532 32.653 32.653 0 0 1 5.0372 7.2772 40.83 40.83 0 0 1 3.1566 8.478 55.198 55.198 0 0 1 1.4989 9.194c0.16717 2.0422 0.22568 4.0872 0.22568 6.1293v33.695 3.7389c0.0334 5.3158 0.18945 10.643 0.66029 15.939 0.18667 2.1007 0.42349 4.1986 0.76896 6.2798h-22.754zm-3.2792-48.787a81.81 81.81 0 0 0 -13.93 0.74387c-3.9841 0.59344-7.9932 1.5741-11.604 3.4046-3.0647 1.5574-5.8507 3.8113-7.5057 6.8704-1.8555 3.4046-2.2121 7.5502-1.485 11.32 0.71044 3.6832 2.7861 6.9401 6.0848 8.79 3.5021 1.9502 7.801 2.2288 11.685 1.563a20.865 20.865 0 0 0 11.557 -6.1293 18.48 18.48 0 0 0 5.1709 -11.944c0.0919-2.1174 0.0195-4.2488 0.0195-6.3662v-8.2523z"/>
  <path d="m401.28 426.05v28.32c0 0.1198-0.0279 0.13651 0.0529 0.17273a0.83582 0.83582 0 0 0 0.25911 0h23.214c0.0641 0 0.40119-0.0474 0.44855 0 0.0474 0.0474 0 0.47642 0 0.55722v18.02c0 0.10866 0.0362 0.24517-0.0418 0.27861a0.75224 0.75224 0 0 1 -0.24238 0h-23.205c-0.0669 0-0.43184-0.0501-0.48199 0-0.0502 0.0501 0 0.19502 0 0.22845v43.134 1.9976a35.478 35.478 0 0 0 0.87483 7.7174c0.47641 1.9502 1.2147 3.8531 2.4434 5.4468a9.7122 9.7122 0 0 0 4.324 3.1566c2.2595 0.83582 4.6917 0.90547 7.0766 0.80796a36.261 36.261 0 0 0 8.0434 -1.1924l0.0613 2.9393 0.14209 6.5055 0.13931 6.5974 0.0474 2.2511 0.0139 0.67423c0 0.0613 0.039 0.24517 0 0.30089-0.039 0.0557-0.36497 0.14767-0.46806 0.18388q-0.44855 0.15881-0.90547 0.3009c-0.6798 0.20895-1.3707 0.39005-2.0645 0.55721a49.035 49.035 0 0 1 -5.0623 0.87204c-2.0338 0.25075-4.0788 0.40677-6.1293 0.49035a58.106 58.106 0 0 1 -6.4776 -0.0279 33.274 33.274 0 0 1 -10.866 -2.5604 23.645 23.645 0 0 1 -8.0099 -5.5721 24.205 24.205 0 0 1 -4.3992 -6.915 39.052 39.052 0 0 1 -2.5576 -9.311 74.77 74.77 0 0 1 -0.81074 -11.632q0-0.6993 0-1.393v-45.371c0-0.15323 0.039-0.15602-0.0892-0.18109a3.0062 3.0062 0 0 0 -0.55721 0h-13.097c-0.1393 0-0.57393 0.0669-0.63243-0.0446a1.2454 1.2454 0 0 1 0 -0.40119v-17.99c0-0.0836-0.0418-0.31204 0-0.38726 0.0418-0.0752 0-0.0223 0.0947-0.039a3.5912 3.5912 0 0 1 0.57393 0h13.058c0.13652 0 0.57393 0.0641 0.63244-0.0418 0.0585-0.10587 0-0.27861 0-0.34269v-21.74a1.2565 1.2565 0 0 1 0 -0.36497c0.0418-0.10587 0.20896-0.10309 0.33433-0.13373l3.6943-0.89154 6.2241-1.5045 6.8036-1.6438 5.4161-1.3094z"/>
  <path d="m460.92 511.54c0.15881 4.6444 1.276 9.286 3.725 13.27a24.072 24.072 0 0 0 8.9154 8.3582c3.8058 2.1035 8.0657 3.2987 12.365 3.8392a53.445 53.445 0 0 0 7.4444 0.3399c3.087-0.0446 6.1767-0.20895 9.247-0.55721a68.635 68.635 0 0 0 15.092 -3.3433q0.81911-0.27861 1.6271-0.59343l0.89154 4.207 1.7023 8.035 0.70766 3.3433 0.23682 1.1144a3.2987 3.2987 0 0 1 0.13373 0.63801c0 0.0195 0.0279 0.0724 0.0195 0.0891-0.0418 0.0808-0.42905 0.17274-0.52378 0.20896l-0.66587 0.2591q-1.3094 0.50149-2.6384 0.95005-2.9003 0.98069-5.873 1.7329a95.576 95.576 0 0 1 -13.638 2.4072 100.69 100.69 0 0 1 -14.786 0.52378 65.509 65.509 0 0 1 -11.376 -1.4543 52.765 52.765 0 0 1 -9.9769 -3.2486 45.154 45.154 0 0 1 -8.5449 -4.9508 42.084 42.084 0 0 1 -6.9652 -6.5027 43.273 43.273 0 0 1 -5.4105 -7.996 48.614 48.614 0 0 1 -3.686 -9.2971 58.268 58.268 0 0 1 -1.9335 -10.517 68.44 68.44 0 0 1 -0.11701 -11.267 64.69 64.69 0 0 1 1.6967 -10.816 58.666 58.666 0 0 1 3.4826 -10.125 51.924 51.924 0 0 1 5.2629 -9.1132 46.363 46.363 0 0 1 7.0125 -7.7035 43.691 43.691 0 0 1 8.7065 -5.9232 45.315 45.315 0 0 1 10.395 -3.8141 52.724 52.724 0 0 1 12.061 -1.3512 49.695 49.695 0 0 1 11.98 1.393 38.827 38.827 0 0 1 9.7512 3.8531 36.294 36.294 0 0 1 7.7258 5.8702 39.841 39.841 0 0 1 5.8006 7.3831 47.801 47.801 0 0 1 4.0816 8.4724 57.741 57.741 0 0 1 2.5075 9.0408 65.729 65.729 0 0 1 1.1144 9.1662 67.863 67.863 0 0 1 -0.42349 12.047q-0.0808 0.61851-0.17552 1.2314-0.0446 0.27861-0.0891 0.55722c0 0.0334-0.0139 0.2201-0.0446 0.24238-0.0307 0.0223-0.0919 0-0.11701 0a5.8507 5.8507 0 0 1 -0.73553 0h-65.974zm43.867-17.627a31.675 31.675 0 0 0 -0.39841 -5.7086 29.229 29.229 0 0 0 -1.6549 -6.1294 22.146 22.146 0 0 0 -3.2486 -5.6975 17.744 17.744 0 0 0 -5.1542 -4.4048 19.561 19.561 0 0 0 -7.4388 -2.3041 23.665 23.665 0 0 0 -8.8374 0.63522 20.115 20.115 0 0 0 -6.9317 3.4603 23.244 23.244 0 0 0 -5.0344 5.4384 30.031 30.031 0 0 0 -3.2764 6.5027 34.182 34.182 0 0 0 -1.6939 6.6643q-0.11423 0.76896-0.19224 1.5435z"/>
  <path d="m548.85 484.26c0-4.2153-0.0279-8.4334-0.10587-12.649-0.0697-3.7528-0.18388-7.5057-0.36776-11.253q-0.14209-2.9114-0.34826-5.8229h21.873c0.2786 0 0.26189-0.0362 0.2786 0.25075l0.16995 2.0784 0.59343 7.2076 0.43184 5.2573c0.0223 0.25353 0.0864 0.16995 0.37612 0.16995 0.11423 0 0.20339 0.0223 0.27861-0.0446a1.7831 1.7831 0 0 0 0.23403 -0.40955q0.22846-0.39562 0.47363-0.78288a29.354 29.354 0 0 1 2.3932 -3.2653 34.411 34.411 0 0 1 6.8454 -6.1739 36.698 36.698 0 0 1 9.6286 -4.7001 40.144 40.144 0 0 1 12.175 -1.8416 38.428 38.428 0 0 1 7.4304 0.71324 34.302 34.302 0 0 1 7.1825 2.2288 31.184 31.184 0 0 1 12.306 9.6788 36.241 36.241 0 0 1 4.4995 7.7648 47.293 47.293 0 0 1 2.956 9.8933 67.473 67.473 0 0 1 1.0949 12.225v1.5574 57.727c0 0.0446 0.0306 0.26189 0 0.29533-0.0307 0.0334-0.20338 0-0.23681 0h-24.615c-0.10587 0-0.31482 0.0418-0.3594-0.0362-0.0446-0.078 0-0.43184 0-0.55722v-53.771q0-0.96955 0-1.9502a46.973 46.973 0 0 0 -0.65194 -8.1409c-0.53771-3.0647-1.4571-6.082-3.0117-8.7789a16.438 16.438 0 0 0 -5.7616 -5.9761c-2.6579-1.5797-5.7309-2.2846-8.8012-2.3849a19.934 19.934 0 0 0 -10.866 2.7108 22.091 22.091 0 0 0 -7.4193 7.3859 23.96 23.96 0 0 0 -2.1926 4.5496c-0.74109 2.07-0.95283 4.2961-1.028 6.4804-0.0334 0.93612-0.0307 1.8722-0.0307 2.8084v57.379c0 0.0474 0.0279 0.25075 0 0.27861-0.0279 0.0279-0.21453 0-0.25075 0h-24.746c-0.0808 0-0.37334 0.0418-0.41791-0.0167-0.0446-0.0585 0-0.3399 0-0.41512v-69.671z"/>
  <path d="m739.48 551.29c-3.6609 1.6884-7.6394 2.7248-11.579 3.5104a85.421 85.421 0 0 1 -16.906 1.6131 64.988 64.988 0 0 1 -12.958 -1.2899 52.877 52.877 0 0 1 -11.373 -3.6888 45.839 45.839 0 0 1 -9.6119 -5.9092 43.546 43.546 0 0 1 -7.6923 -8.0072 45.97 45.97 0 0 1 -5.5331 -9.8515 53.267 53.267 0 0 1 -3.2625 -11.643 64.514 64.514 0 0 1 -0.7801 -12.883 59.58 59.58 0 0 1 1.6549 -11.98 52.863 52.863 0 0 1 3.9256 -10.807 48.778 48.778 0 0 1 6.1433 -9.4949 47.848 47.848 0 0 1 8.1938 -7.801 50.642 50.642 0 0 1 10.242 -5.9037 57.998 57.998 0 0 1 12.114 -3.6804 70.134 70.134 0 0 1 14.072 -1.2008 67.545 67.545 0 0 1 17.257 2.4462c1.1896 0.33154 2.3654 0.70488 3.5272 1.1144q0.81631 0.29811 1.6187 0.62965 0.34547 0.14487 0.68816 0.29532c0.0752 0.0334 0.43462 0.14488 0.46249 0.21453 0.0279 0.0697-0.0864 0.36497-0.10588 0.44577l-0.25631 1.0698-1.9502 8.127-1.889 7.9041-0.31204 1.3067a43.649 43.649 0 0 0 -12.994 -3.5606c-5.1877-0.59065-10.534-0.5015-15.58 0.95004a28.139 28.139 0 0 0 -11.144 6.1294 28.958 28.958 0 0 0 -7.1128 10.18 36.261 36.261 0 0 0 -2.7554 13.075c-0.14766 4.8868 0.38169 9.832 1.9865 14.468a29.084 29.084 0 0 0 6.5166 10.757 27.897 27.897 0 0 0 10.094 6.5974c4.154 1.5825 8.5727 2.1731 13 2.0951a50.355 50.355 0 0 0 15.881 -2.7582c0.98626-0.34826 1.9502-0.72438 2.9226-1.1144l1.1841 6.3355 1.8722 10.03z"/>
  <path d="m784.98 426.66a13.694 13.694 0 0 1 -2.3375 7.801 13.095 13.095 0 0 1 -6.5138 4.8533 16.822 16.822 0 0 1 -9.3389 0.42348 13.231 13.231 0 0 1 -7.0989 -4.3713 13.524 13.524 0 0 1 -2.97 -7.748 14.281 14.281 0 0 1 1.9502 -8.2774 13.117 13.117 0 0 1 6.2324 -5.2935 16.246 16.246 0 0 1 9.1494 -0.83582 13.351 13.351 0 0 1 7.2661 3.9005 13.93 13.93 0 0 1 3.4742 7.3747 16.814 16.814 0 0 1 0.18667 2.1731zm-26.852 127.71v-97.975c0-0.57393-0.0474-1.1674 0-1.7413 0-0.13373-0.0195-0.11423 0.13651-0.11423h25.055c0.0307 0 0.20339-0.0223 0.22567 0 0.0223 0.0223 0 0.25353 0 0.29532v98.836a4.48 4.48 0 0 1 0 0.59622c-0.0195 0.13373 0 0.10309-0.16159 0.10309h-25.258z"/>
  <path d="m905.51 503.53a70.462 70.462 0 0 1 -0.6798 9.9323 58.63 58.63 0 0 1 -1.9502 8.8123 51.046 51.046 0 0 1 -3.0647 7.801 46.859 46.859 0 0 1 -4.0537 6.72 45.385 45.385 0 0 1 -4.9313 5.7282 46.006 46.006 0 0 1 -5.6585 4.7363 48.199 48.199 0 0 1 -6.2213 3.7278 51.303 51.303 0 0 1 -6.7033 2.7861 54.607 54.607 0 0 1 -6.9902 1.836 57.449 57.449 0 0 1 -7.2048 0.92219 59.519 59.519 0 0 1 -7.7648 0 56 56 0 0 1 -8.0573 -1.1144 51.311 51.311 0 0 1 -7.4973 -2.2121 47.812 47.812 0 0 1 -6.9122 -3.2848 45.613 45.613 0 0 1 -6.2046 -4.3072 44.856 44.856 0 0 1 -5.3688 -5.3019 45.705 45.705 0 0 1 -4.5162 -6.2241 48.369 48.369 0 0 1 -3.5216 -7.0905 53.111 53.111 0 0 1 -2.4657 -7.9737 60.249 60.249 0 0 1 -1.2983 -8.7482 69.652 69.652 0 0 1 -0.0669 -9.3333 64.556 64.556 0 0 1 1.0921 -8.7037 56.279 56.279 0 0 1 2.1815 -7.9877 50.445 50.445 0 0 1 3.2012 -7.1908 46.823 46.823 0 0 1 4.1317 -6.3299 45.165 45.165 0 0 1 10.849 -10.03 47.497 47.497 0 0 1 6.589 -3.6219 51.219 51.219 0 0 1 7.2661 -2.6356 56.641 56.641 0 0 1 7.8428 -1.602 63.678 63.678 0 0 1 8.3805 -0.54329 59.207 59.207 0 0 1 8.6563 0.6213 52.411 52.411 0 0 1 7.9988 1.8193 47.784 47.784 0 0 1 7.2438 2.9337 45.101 45.101 0 0 1 6.4943 3.9952 44.22 44.22 0 0 1 5.639 4.9648 45.065 45.065 0 0 1 4.7614 5.9009 47.558 47.558 0 0 1 3.7974 6.7534 51.748 51.748 0 0 1 2.7638 7.4973 57.638 57.638 0 0 1 1.6939 8.2356 65.147 65.147 0 0 1 0.54885 8.5114zm-75.224 1.0253a52.398 52.398 0 0 0 1.0587 10.701 39.256 39.256 0 0 0 3.0842 9.194 28.326 28.326 0 0 0 4.9313 7.1964 21.974 21.974 0 0 0 6.628 4.7809 21.503 21.503 0 0 0 8.1687 1.9224 20.776 20.776 0 0 0 8.0796 -1.2509 21.174 21.174 0 0 0 6.7701 -4.1652 27.05 27.05 0 0 0 5.2935 -6.7088 37.222 37.222 0 0 0 3.5606 -8.8876 50.149 50.149 0 0 0 1.5713 -10.696 53.793 53.793 0 0 0 -0.44577 -9.729 45.627 45.627 0 0 0 -2.1592 -8.9823 32.876 32.876 0 0 0 -4.0231 -7.9292 22.846 22.846 0 0 0 -5.9984 -5.9399 20.021 20.021 0 0 0 -8.1325 -3.087 24.027 24.027 0 0 0 -9.6398 0.55721 20.829 20.829 0 0 0 -7.7592 3.9674 24.74 24.74 0 0 0 -5.5721 6.564 35.511 35.511 0 0 0 -3.5467 8.3861 48.962 48.962 0 0 0 -1.6856 9.4169q-0.19224 2.3319-0.19224 4.689zm54.732-93.269-1.368 1.6438-3.5049 4.2153-4.8338 5.8229-5.2935 6.3634-4.9063 5.9037-3.6888 4.4215-1.1144 1.3401-0.33433 0.4012c-0.0446 0.0529-0.10308 0.16437-0.16438 0.19781-0.17552 0.0975-0.59622 0.0167-0.79403 0.0167h-16.644l1.3206-2.2484 3.3015-5.6195 4.2794-7.28 4.2822-7.2856 3.3182-5.6195 0.97791-1.6716 0.26189-0.44578c0.0223-0.0362 0.0585-0.14487 0.0975-0.16437s0.18109 0 0.23124 0h24.573z"/>
  <path d="m926.2 484.26c0-4.2153-0.0279-8.4334-0.10587-12.649-0.0697-3.7528-0.18388-7.5057-0.36776-11.253q-0.14209-2.9114-0.34826-5.8229h21.873c0.2786 0 0.26189-0.0362 0.2786 0.25075l0.16995 2.0784 0.59065 7.2076 0.43184 5.2573c0.0223 0.25632 0.0864 0.16995 0.37612 0.16995 0.11701 0 0.20338 0.0223 0.27861-0.0446a1.7831 1.7831 0 0 0 0.23402 -0.40955q0.22846-0.39562 0.47364-0.78288a29.354 29.354 0 0 1 2.3988 -3.2541 34.411 34.411 0 0 1 6.8454 -6.1739 36.698 36.698 0 0 1 9.6286 -4.7001 40.144 40.144 0 0 1 12.175 -1.8416 38.428 38.428 0 0 1 7.4304 0.71323 34.302 34.302 0 0 1 7.1825 2.2288 31.184 31.184 0 0 1 12.306 9.6788 36.241 36.241 0 0 1 4.4994 7.7648 47.293 47.293 0 0 1 2.9533 9.8822 67.473 67.473 0 0 1 1.0949 12.225v1.5574 57.727c0 0.0446 0.031 0.26189 0 0.29533-0.031 0.0334-0.2034 0-0.2368 0h-24.615c-0.10588 0-0.31483 0.0418-0.35941-0.0362-0.0446-0.078 0-0.43184 0-0.55722v-53.771q0-0.96955 0-1.9502a46.973 46.973 0 0 0 -0.65194 -8.1409c-0.53771-3.0647-1.4571-6.082-3.0117-8.7789a16.438 16.438 0 0 0 -5.7616 -5.9761c-2.6579-1.5797-5.7309-2.2846-8.8012-2.3849a19.934 19.934 0 0 0 -10.866 2.7108 22.094 22.094 0 0 0 -7.4193 7.3859 23.982 23.982 0 0 0 -2.1954 4.5496c-0.74109 2.07-0.95284 4.2961-1.0281 6.4804-0.0334 0.93612-0.0307 1.8722-0.0307 2.8084v57.379c0 0.0474 0.0279 0.25075 0 0.27861-0.0279 0.0279-0.21452 0-0.25074 0h-24.746c-0.0808 0-0.37333 0.0418-0.41791-0.0167-0.0446-0.0585 0-0.3399 0-0.41512v-69.671z"/>
  <path d="m530.39 634.51-0.65751-5.7226h-0.2786c-2.5325 3.5634-7.4109 6.7534-13.883 6.7534-9.194 0-13.883-6.472-13.883-13.039 0-10.974 9.7512-16.978 27.303-16.884v-0.9389c0-3.7528-1.0308-10.506-10.308-10.506-4.2209 0-8.6368 1.3122-11.818 3.3767l-1.8778-5.4412c3.7528-2.4378 9.194-4.0342 14.914-4.0342 13.883 0 17.26 9.4726 17.26 18.572v16.978c0 3.9395 0.18946 7.7843 0.74946 10.88zm-1.2175-23.169c-9.0046-0.18667-19.224 1.407-19.224 10.225 0 5.3465 3.5634 7.879 7.7843 7.879 5.9092 0 9.6621-3.7528 10.974-7.5976a8.6368 8.6368 0 0 0 0.46806 -2.6273z"/>
  <path d="m550.47 567.91h8.2551v66.587h-8.2551z"/>
  <path d="m592.49 603.93c0-5.8145-0.18946-10.506-0.37612-14.822h7.4109l0.37612 7.7843h0.18667c3.3767-5.5359 8.7232-8.8179 16.134-8.8179 10.974 0 19.224 9.286 19.224 23.074 0 16.321-9.9435 24.389-20.636 24.389-6.004 0-11.256-2.6273-13.975-7.1295h-0.18945v24.665h-8.1604zm8.1604 12.1a18.647 18.647 0 0 0 0.37612 3.3767c1.5017 5.7226 6.472 9.6621 12.381 9.6621 8.7232 0 13.788-7.1295 13.788-17.552 0-9.0993-4.7837-16.884-13.507-16.884-5.6278 0-10.882 4.0342-12.476 10.225a13.398 13.398 0 0 0 -0.55722 3.3767z"/>
  <path d="m645.86 603.27c0-5.3465-0.0947-9.9435-0.37611-14.164h7.2215l0.2786 8.9154h0.37612c2.0645-6.0987 7.0348-9.9435 12.571-9.9435a8.9154 8.9154 0 0 1 2.3459 0.2786v7.7843a12.392 12.392 0 0 0 -2.8139 -0.27861c-5.8145 0-9.9435 4.4076-11.069 10.587a23.3 23.3 0 0 0 -0.37333 3.8448v24.2h-8.1604z"/>
  <path d="m716.67 611.43c0 16.792-11.632 24.108-22.606 24.108-12.287 0-21.762-9.0046-21.762-23.356 0-15.195 9.9435-24.108 22.511-24.108 13.05-3e-3 21.857 9.4726 21.857 23.356zm-36.021 0.46806c0 9.9435 5.7226 17.446 13.788 17.446 7.879 0 13.788-7.4109 13.788-17.636 0-7.6923-3.8448-17.446-13.602-17.446-9.7568 0-13.975 9.0046-13.975 17.636z"/>
  <path d="m727.93 634.51v-39.108h-6.3801v-6.2937h6.3801v-2.1564c0-6.3773 1.407-12.195 5.2517-15.853 3.0953-3.0006 7.2243-4.2209 11.069-4.2209a19.126 19.126 0 0 1 7.0348 1.3122l-1.1144 6.3773c-1.2175-0.55722-2.9059-1.0308-5.2517-1.0308-7.0348 0-8.8179 6.1906-8.8179 13.134v2.4378h10.974v6.2937h-10.974v39.116z"/>
  <path d="m757.85 613.31c0.18667 11.164 7.3162 15.758 15.571 15.758 5.9092 0 9.4726-1.0308 12.568-2.3459l1.407 5.9092c-2.9087 1.3122-7.879 2.8139-15.1 2.8139-13.978 0-22.325-9.194-22.325-22.888 0-13.694 8.0796-24.481 21.294-24.481 14.822 0 18.759 13.039 18.759 21.386a31.076 31.076 0 0 1 -0.27861 3.8448zm24.2-5.9092c0.0947-5.2545-2.1564-13.415-11.445-13.415-8.3582 0-12.008 7.6923-12.663 13.415z"/>
  <path d="m799.12 626.07c2.4378 1.5936 6.7534 3.282 10.88 3.282 6.004 0 8.8179-3.0006 8.8179-6.7534 0-3.9395-2.3459-6.0959-8.4418-8.3582-8.1604-2.9086-12.008-7.4109-12.008-12.852 0-7.3162 5.9092-13.32 15.666-13.32 4.597 0 8.6368 1.3122 11.161 2.8139l-2.0645 6.004a17.669 17.669 0 0 0 -9.286 -2.6273c-4.8784 0-7.5976 2.8139-7.5976 6.1906 0 3.7528 2.7192 5.4412 8.6368 7.6923 7.879 3.0006 11.913 6.9429 11.913 13.696 0 7.9737-6.1906 13.602-16.978 13.602-4.9704 0-9.5674-1.2203-12.757-3.0953z"/>
  <path d="m846.58 576.35c0.0919 2.8139-1.9698 5.0651-5.2545 5.0651-2.9059 0-4.9704-2.2511-4.9704-5.0651a5.0149 5.0149 0 0 1 5.1598 -5.1598c3.0953 0 5.0651 2.2511 5.0651 5.1598zm-9.194 58.156v-45.413h8.2551v45.413z"/>
  <path d="m900.42 611.43c0 16.792-11.632 24.108-22.606 24.108-12.287 0-21.762-9.0046-21.762-23.356 0-15.195 9.9435-24.108 22.511-24.108 13.039-3e-3 21.857 9.4726 21.857 23.356zm-36.021 0.46806c0 9.9435 5.7226 17.446 13.788 17.446 7.879 0 13.788-7.4109 13.788-17.636 0-7.6923-3.8448-17.446-13.602-17.446-9.7568 0-13.975 9.0046-13.975 17.636z"/>
  <path d="m910.82 601.39c0-4.6917-0.0947-8.5365-0.37612-12.289h7.3162l0.46805 7.5057h0.18667c2.2511-4.3156 7.5057-8.5365 15.009-8.5365 6.2854 0 16.039 3.7528 16.039 19.324v27.108h-8.2551v-26.172c0-7.3162-2.722-13.415-10.506-13.415-5.4384 0-9.6621 3.8448-11.069 8.4418a11.871 11.871 0 0 0 -0.55721 3.8476v27.303h-8.2551z"/>
  <path d="m988.02 634.51-0.65751-5.7226h-0.2786c-2.5325 3.5634-7.4109 6.7534-13.883 6.7534-9.194 0-13.883-6.472-13.883-13.039 0-10.974 9.7512-16.978 27.303-16.884v-0.9389c0-3.7528-1.0308-10.506-10.308-10.506-4.2209 0-8.6368 1.3122-11.818 3.3767l-1.8778-5.4412c3.7528-2.4378 9.194-4.0342 14.914-4.0342 13.883 0 17.26 9.4726 17.26 18.572v16.978c0 3.9395 0.18946 7.7843 0.74946 10.88zm-1.2175-23.169c-9.0046-0.18667-19.224 1.407-19.224 10.225 0 5.3465 3.5634 7.879 7.7843 7.879 5.9092 0 9.6621-3.7528 10.974-7.5976a8.6368 8.6368 0 0 0 0.46806 -2.6273z"/>
  <path d="m1008.1 567.91h8.2551v66.587h-8.2551z"/>
 </g></svg>